u=2, initial error= 2.5298221281347026, final error = 0.042228584538828225
u=4, initial error= 1.0000000000000013, final error = 0.020087265685600274
u=5, initial error= 0.44172610429938564, final error = 0.008248872235845929
u=7, initial error= 0.35082320772281134, final error = 0.007318568128720588
